8.0 5.0 9.0 5.0 green
9.0 5.0 2.0 2.0 green
6.0 9.0 4.0 6.0 green
9.0 2.0 3.0 3.0 green
7.0 6.0 9.0 8.0 green
9.0 8.0 8.0 6.0 green
3.0 8.0 6.0 2.0 green
5.0 2.0 8.0 4.0 green
3.0 9.0 2.0 6.0 green
7.0 7.0 6.0 3.0 green
6.0 9.0 1.0 3.0 green
7.0 8.0 4.0 9.0 green
7.0 3.0 8.0 4.0 green
2.0 8.0 1.0 9.0 green
6.0 3.0 2.0 2.0 green
8.0 9.0 7.0 5.0 green
1.0 1.0 4.0 9.0 green
1.0 6.0 6.0 9.0 green
1.0 7.0 3.0 1.0 green
7.0 6.0 8.0 5.0 green
4.0 7.0 5.0 3.0 green
3.0 5.0 2.0 4.0 green
9.0 3.0 1.0 4.0 green
5.0 4.0 4.0 6.0 green
2.0 6.0 3.0 6.0 green
5.0 5.0 9.0 1.0 green
6.0 9.0 4.0 4.0 green
6.0 9.0 2.0 1.0 green
5.0 7.0 8.0 2.0 green
4.0 5.0 3.0 5.0 green
9.0 1.0 1.0 8.0 green
6.0 2.0 4.0 6.0 green
4.0 7.0 9.0 2.0 green
4.0 2.0 1.0 9.0 green
7.0 5.0 6.0 3.0 green
2.0 7.0 8.0 9.0 green
1.0 1.0 9.0 8.0 green
5.0 2.0 2.0 6.0 green
3.0 7.0 7.0 4.0 green
5.0 2.0 5.0 5.0 green
5.0 7.0 1.0 8.0 green
1.0 9.0 6.0 3.0 green
7.0 9.0 4.0 9.0 green
9.0 9.0 4.0 2.0 green
3.0 1.0 7.0 5.0 green
3.0 6.0 1.0 2.0 green
5.0 3.0 8.0 6.0 green
5.0 6.0 4.0 6.0 green
9.0 2.0 8.0 4.0 green
7.0 9.0 9.0 1.0 green
4.0 6.0 1.0 6.0 green
7.0 3.0 7.0 4.0 green
4.0 5.0 2.0 4.0 green
4.0 9.0 2.0 8.0 green
6.0 8.0 4.0 8.0 green
1.0 1.0 8.0 2.0 green
5.0 7.0 9.0 8.0 green
1.0 1.0 5.0 3.0 green
2.0 6.0 2.0 6.0 green
6.0 5.0 4.0 2.0 green
6.0 5.0 3.0 9.0 green
4.0 1.0 3.0 1.0 green
9.0 1.0 7.0 8.0 green
5.0 1.0 9.0 3.0 green
8.0 9.0 1.0 1.0 green
3.0 8.0 3.0 4.0 green
9.0 8.0 3.0 7.0 green
7.0 6.0 3.0 2.0 green
4.0 2.0 2.0 6.0 green
8.0 8.0 8.0 5.0 green
5.0 9.0 9.0 1.0 green
3.0 7.0 8.0 1.0 green
7.0 8.0 8.0 7.0 green
4.0 4.0 9.0 7.0 green
3.0 9.0 1.0 5.0 green
8.0 6.0 3.0 4.0 green
7.0 6.0 4.0 3.0 green
9.0 4.0 5.0 1.0 green
1.0 6.0 5.0 4.0 green
9.0 2.0 1.0 3.0 green
1.0 2.0 1.0 9.0 green
8.0 5.0 7.0 1.0 green
3.0 5.0 4.0 8.0 green
7.0 3.0 6.0 9.0 green
6.0 6.0 3.0 6.0 green
3.0 5.0 2.0 3.0 green
3.0 7.0 6.0 8.0 green
9.0 5.0 7.0 1.0 green
8.0 8.0 4.0 6.0 green
5.0 4.0 5.0 3.0 green
9.0 4.0 9.0 4.0 green
1.0 7.0 3.0 8.0 green
9.0 6.0 7.0 4.0 green
8.0 4.0 9.0 5.0 green
1.0 7.0 6.0 1.0 green
9.0 8.0 1.0 8.0 green
7.0 3.0 1.0 9.0 green
8.0 1.0 4.0 3.0 green
1.0 1.0 7.0 9.0 green
5.0 7.0 3.0 6.0 green
4.0 8.0 9.0 3.0 green
7.0 3.0 2.0 4.0 green
8.0 9.0 6.0 8.0 green
7.0 5.0 3.0 1.0 green
3.0 2.0 6.0 7.0 green
6.0 3.0 9.0 9.0 green
2.0 5.0 4.0 8.0 green
7.0 9.0 9.0 3.0 green
5.0 1.0 6.0 2.0 green
9.0 7.0 1.0 5.0 green
2.0 6.0 2.0 9.0 green
5.0 6.0 6.0 5.0 green
7.0 7.0 7.0 4.0 green
1.0 5.0 1.0 2.0 green
8.0 9.0 2.0 3.0 green
8.0 4.0 7.0 9.0 green
9.0 3.0 3.0 7.0 green
8.0 2.0 1.0 5.0 green
2.0 2.0 6.0 9.0 green
2.0 9.0 4.0 6.0 green
9.0 8.0 1.0 9.0 green
3.0 6.0 2.0 9.0 green
1.0 5.0 3.0 9.0 green
6.0 8.0 6.0 7.0 green
9.0 3.0 9.0 2.0 green
3.0 9.0 7.0 5.0 green
6.0 2.0 2.0 9.0 green
9.0 1.0 9.0 9.0 green
6.0 6.0 3.0 1.0 green
4.0 7.0 6.0 4.0 green
1.0 4.0 6.0 4.0 green
9.0 2.0 9.0 3.0 green
5.0 8.0 1.0 9.0 green
9.0 3.0 3.0 9.0 green
2.0 5.0 4.0 2.0 green
4.0 3.0 9.0 9.0 green
6.0 3.0 4.0 1.0 green
5.0 6.0 4.0 2.0 green
6.0 6.0 2.0 9.0 green
3.0 4.0 6.0 5.0 green
3.0 8.0 4.0 2.0 green
9.0 9.0 9.0 4.0 green
4.0 3.0 8.0 8.0 green
4.0 5.0 9.0 8.0 green
4.0 6.0 7.0 6.0 green
7.0 8.0 8.0 9.0 green
4.0 8.0 4.0 4.0 green
1.0 3.0 7.0 8.0 green
9.0 9.0 8.0 5.0 green
8.0 8.0 1.0 6.0 green
4.0 1.0 7.0 2.0 green
7.0 5.0 8.0 1.0 green
6.0 4.0 6.0 6.0 green
6.0 9.0 7.0 4.0 green
1.0 4.0 7.0 1.0 green
6.0 6.0 3.0 1.0 green
6.0 1.0 9.0 5.0 green
6.0 4.0 9.0 5.0 green
6.0 2.0 3.0 6.0 green
2.0 6.0 2.0 9.0 green
1.0 3.0 7.0 7.0 green
7.0 2.0 3.0 9.0 green
2.0 5.0 5.0 4.0 green
2.0 9.0 9.0 8.0 green
8.0 6.0 6.0 7.0 green
6.0 3.0 5.0 2.0 green
4.0 1.0 9.0 4.0 green
6.0 2.0 2.0 4.0 green
2.0 8.0 1.0 4.0 green
8.0 5.0 4.0 5.0 green
8.0 9.0 4.0 2.0 green
9.0 5.0 4.0 7.0 green
2.0 5.0 8.0 5.0 green
1.0 5.0 3.0 8.0 green
8.0 5.0 4.0 6.0 green
2.0 8.0 4.0 9.0 green
3.0 1.0 2.0 4.0 green
9.0 6.0 9.0 3.0 green
3.0 1.0 9.0 7.0 green
9.0 3.0 2.0 8.0 green
7.0 3.0 2.0 2.0 green
4.0 7.0 3.0 7.0 green
5.0 3.0 6.0 3.0 green
2.0 7.0 3.0 9.0 green
6.0 4.0 9.0 9.0 green
4.0 9.0 8.0 6.0 green
5.0 5.0 3.0 9.0 green
6.0 6.0 8.0 5.0 green
3.0 5.0 8.0 9.0 green
6.0 2.0 6.0 6.0 green
7.0 5.0 8.0 6.0 green
1.0 7.0 2.0 5.0 green
7.0 9.0 1.0 5.0 green
3.0 3.0 5.0 7.0 green
4.0 6.0 7.0 8.0 green
4.0 4.0 1.0 8.0 green
4.0 1.0 9.0 6.0 green
9.0 4.0 4.0 4.0 green
8.0 4.0 2.0 8.0 green
1.0 2.0 5.0 8.0 green
3.0 7.0 3.0 7.0 green
5.0 3.0 2.0 1.0 green
1.0 1.0 5.0 9.0 green
5.0 7.0 2.0 4.0 green
4.0 9.0 3.0 9.0 green
7.0 6.0 6.0 4.0 green
5.0 7.0 7.0 9.0 green
1.0 6.0 6.0 2.0 green
2.0 8.0 6.0 6.0 green
1.0 4.0 4.0 1.0 green
8.0 9.0 6.0 8.0 green
8.0 4.0 8.0 1.0 green
3.0 8.0 5.0 2.0 green
9.0 5.0 1.0 7.0 green
2.0 8.0 2.0 7.0 green
5.0 3.0 9.0 4.0 green
4.0 4.0 8.0 6.0 green
2.0 5.0 3.0 1.0 green
6.0 2.0 1.0 8.0 green
9.0 8.0 5.0 2.0 green
9.0 7.0 7.0 3.0 green
2.0 5.0 3.0 6.0 green
8.0 8.0 5.0 3.0 green
2.0 6.0 5.0 6.0 green
9.0 2.0 4.0 5.0 green
5.0 2.0 8.0 7.0 green
5.0 4.0 5.0 7.0 green
4.0 2.0 7.0 4.0 green
4.0 1.0 8.0 8.0 green
5.0 7.0 3.0 8.0 green
1.0 3.0 8.0 4.0 green
9.0 1.0 8.0 9.0 green
6.0 5.0 9.0 8.0 green
5.0 9.0 6.0 7.0 green
8.0 9.0 7.0 7.0 green
1.0 5.0 2.0 6.0 green
1.0 2.0 9.0 2.0 green
7.0 7.0 1.0 2.0 green
9.0 5.0 5.0 3.0 green
4.0 5.0 8.0 5.0 green
6.0 5.0 2.0 9.0 green
3.0 9.0 9.0 4.0 green
4.0 2.0 9.0 6.0 green
1.0 5.0 8.0 5.0 green
2.0 2.0 3.0 8.0 green
1.0 7.0 2.0 9.0 green
4.0 7.0 8.0 9.0 green
5.0 4.0 4.0 4.0 green
2.0 2.0 2.0 5.0 green
4.0 2.0 4.0 2.0 green
3.0 6.0 7.0 6.0 green
7.0 5.0 2.0 5.0 green
6.0 9.0 1.0 3.0 green
2.0 9.0 4.0 9.0 green
3.0 3.0 6.0 6.0 green
1.0 9.0 8.0 1.0 green
7.0 6.0 5.0 8.0 green
3.0 3.0 1.0 9.0 green
7.0 2.0 5.0 5.0 green
9.0 6.0 2.0 8.0 green
5.0 4.0 3.0 5.0 green
3.0 1.0 2.0 2.0 green
7.0 3.0 2.0 2.0 green
5.0 7.0 1.0 3.0 green
7.0 7.0 8.0 2.0 green
9.0 4.0 2.0 3.0 green
8.0 2.0 5.0 1.0 green
5.0 8.0 9.0 7.0 green
1.0 7.0 2.0 7.0 green
6.0 3.0 7.0 7.0 green
4.0 4.0 1.0 9.0 green
1.0 9.0 5.0 1.0 green
2.0 2.0 8.0 2.0 green
7.0 9.0 9.0 2.0 green
2.0 9.0 7.0 2.0 green
6.0 2.0 7.0 8.0 green
3.0 5.0 1.0 7.0 green
6.0 4.0 7.0 4.0 green
9.0 2.0 7.0 6.0 green
3.0 2.0 3.0 9.0 green
6.0 5.0 8.0 3.0 green
1.0 8.0 1.0 1.0 green
8.0 1.0 5.0 6.0 green
6.0 6.0 1.0 3.0 green
7.0 3.0 7.0 6.0 green
9.0 7.0 4.0 7.0 green
5.0 4.0 2.0 5.0 green
3.0 3.0 8.0 1.0 green
7.0 8.0 5.0 1.0 green
3.0 4.0 8.0 5.0 green
4.0 9.0 9.0 6.0 green
9.0 1.0 8.0 4.0 green
1.0 5.0 9.0 1.0 green
5.0 6.0 9.0 9.0 green
1.0 2.0 7.0 6.0 green
6.0 6.0 8.0 6.0 green
2.0 5.0 8.0 8.0 green
1.0 9.0 9.0 3.0 green
4.0 2.0 2.0 9.0 green
8.0 7.0 8.0 4.0 green
6.0 8.0 4.0 8.0 green
4.0 8.0 5.0 2.0 green
8.0 5.0 1.0 2.0 green
6.0 2.0 8.0 8.0 green
1.0 3.0 5.0 5.0 green
3.0 9.0 3.0 2.0 green
5.0 6.0 6.0 3.0 green
4.0 1.0 2.0 4.0 green
3.0 4.0 1.0 8.0 green
2.0 1.0 3.0 3.0 green
9.0 7.0 1.0 5.0 green
9.0 8.0 6.0 3.0 green
4.0 4.0 8.0 5.0 green
3.0 4.0 2.0 6.0 green
5.0 3.0 3.0 7.0 green
2.0 3.0 7.0 7.0 green
4.0 6.0 8.0 3.0 green
2.0 1.0 6.0 1.0 green
1.0 2.0 5.0 5.0 green
9.0 7.0 2.0 7.0 green
1.0 4.0 9.0 1.0 green
2.0 7.0 1.0 9.0 green
2.0 4.0 3.0 9.0 green
7.0 5.0 1.0 7.0 green
1.0 3.0 2.0 3.0 green
9.0 3.0 1.0 3.0 green
7.0 8.0 4.0 1.0 green
8.0 6.0 7.0 8.0 green
2.0 6.0 7.0 8.0 green
3.0 7.0 6.0 7.0 green
6.0 9.0 1.0 7.0 green
8.0 6.0 3.0 6.0 green
1.0 8.0 5.0 6.0 green
6.0 8.0 7.0 7.0 green
3.0 7.0 3.0 4.0 green
3.0 1.0 1.0 6.0 green
7.0 5.0 8.0 2.0 green
8.0 3.0 4.0 4.0 green
7.0 5.0 7.0 1.0 green
3.0 4.0 4.0 1.0 green
5.0 8.0 9.0 1.0 green
2.0 2.0 3.0 3.0 green
9.0 9.0 5.0 6.0 green
4.0 2.0 4.0 6.0 green
8.0 5.0 1.0 4.0 green
8.0 2.0 7.0 8.0 green
4.0 2.0 8.0 1.0 green
1.0 6.0 5.0 9.0 green
3.0 2.0 9.0 5.0 green
1.0 9.0 4.0 5.0 green
2.0 5.0 2.0 9.0 green
8.0 7.0 9.0 5.0 green
1.0 2.0 2.0 7.0 green
4.0 9.0 3.0 3.0 green
1.0 2.0 6.0 1.0 green
3.0 2.0 3.0 3.0 green
5.0 6.0 4.0 2.0 green
3.0 9.0 6.0 8.0 green
1.0 5.0 2.0 3.0 green
1.0 8.0 9.0 6.0 green
2.0 4.0 9.0 9.0 green
5.0 7.0 6.0 3.0 green
9.0 6.0 4.0 8.0 green
4.0 4.0 3.0 1.0 green
3.0 9.0 4.0 3.0 green
4.0 8.0 2.0 2.0 green
6.0 3.0 6.0 8.0 green
8.0 9.0 3.0 3.0 green
2.0 9.0 8.0 8.0 green
2.0 3.0 8.0 8.0 green
9.0 1.0 2.0 6.0 green
6.0 7.0 5.0 7.0 green
3.0 2.0 1.0 1.0 green
4.0 7.0 3.0 4.0 green
2.0 8.0 4.0 2.0 green
1.0 7.0 5.0 1.0 green
4.0 1.0 7.0 4.0 green
5.0 4.0 8.0 1.0 green
2.0 6.0 3.0 4.0 green
6.0 6.0 6.0 8.0 green
7.0 9.0 6.0 6.0 green
9.0 2.0 8.0 4.0 green
7.0 5.0 7.0 4.0 green
9.0 6.0 7.0 3.0 green
6.0 2.0 3.0 5.0 green
9.0 2.0 3.0 8.0 green
4.0 9.0 9.0 8.0 green
5.0 9.0 8.0 6.0 green
3.0 5.0 4.0 2.0 green
2.0 8.0 1.0 2.0 green
2.0 3.0 6.0 1.0 green
7.0 5.0 2.0 6.0 green
8.0 9.0 7.0 4.0 green
3.0 1.0 9.0 6.0 green
7.0 7.0 3.0 9.0 green
3.0 1.0 8.0 8.0 green
7.0 2.0 1.0 4.0 green
2.0 6.0 1.0 7.0 green
2.0 1.0 3.0 7.0 green
5.0 2.0 2.0 8.0 green
8.0 4.0 9.0 5.0 green
2.0 4.0 3.0 2.0 green
6.0 8.0 5.0 4.0 green
5.0 2.0 9.0 2.0 green
5.0 8.0 4.0 5.0 green
4.0 7.0 4.0 3.0 green
9.0 1.0 3.0 3.0 green
7.0 2.0 1.0 5.0 green
6.0 4.0 1.0 9.0 green
1.0 3.0 7.0 3.0 green
8.0 9.0 8.0 3.0 green
2.0 7.0 2.0 9.0 green
1.0 2.0 3.0 7.0 green
8.0 6.0 5.0 2.0 green
9.0 7.0 6.0 2.0 green
2.0 1.0 4.0 4.0 green
8.0 1.0 8.0 1.0 green
1.0 1.0 1.0 2.0 green
1.0 1.0 7.0 5.0 green
8.0 1.0 1.0 3.0 green
8.0 3.0 2.0 6.0 green
9.0 3.0 6.0 9.0 green
9.0 9.0 9.0 4.0 green
7.0 5.0 1.0 7.0 green
5.0 5.0 5.0 2.0 green
8.0 2.0 9.0 1.0 green
1.0 1.0 7.0 7.0 green
9.0 1.0 4.0 8.0 green
6.0 4.0 4.0 9.0 green
9.0 8.0 4.0 5.0 green
4.0 8.0 2.0 2.0 green
1.0 7.0 5.0 5.0 green
1.0 9.0 1.0 4.0 green
5.0 9.0 4.0 6.0 green
3.0 1.0 6.0 8.0 green
6.0 8.0 1.0 8.0 green
6.0 1.0 7.0 3.0 green
2.0 2.0 8.0 6.0 green
1.0 1.0 7.0 1.0 green
9.0 8.0 9.0 4.0 green
6.0 2.0 7.0 9.0 green
1.0 9.0 4.0 7.0 green
9.0 7.0 6.0 8.0 green
2.0 5.0 9.0 5.0 green
8.0 3.0 6.0 1.0 green
9.0 2.0 4.0 8.0 green
2.0 4.0 4.0 5.0 green
2.0 4.0 7.0 5.0 green
2.0 2.0 2.0 5.0 green
2.0 2.0 8.0 6.0 green
7.0 1.0 4.0 5.0 green
6.0 9.0 4.0 5.0 green
2.0 3.0 2.0 6.0 green
2.0 9.0 5.0 5.0 green
7.0 9.0 7.0 6.0 green
6.0 8.0 5.0 6.0 green
9.0 1.0 7.0 1.0 green
4.0 4.0 4.0 6.0 green
4.0 9.0 4.0 8.0 green
8.0 9.0 3.0 3.0 green
9.0 8.0 3.0 9.0 green
2.0 1.0 4.0 2.0 green
7.0 7.0 7.0 2.0 green
4.0 2.0 9.0 8.0 green
5.0 7.0 5.0 5.0 green
2.0 4.0 2.0 7.0 green
8.0 5.0 2.0 2.0 green
6.0 6.0 7.0 8.0 green
7.0 5.0 7.0 7.0 green
6.0 6.0 4.0 8.0 green
7.0 6.0 4.0 6.0 green
7.0 2.0 3.0 3.0 green
1.0 5.0 3.0 1.0 green
4.0 7.0 2.0 5.0 green
7.0 6.0 1.0 6.0 green
8.0 2.0 6.0 1.0 green
9.0 8.0 5.0 8.0 green
5.0 2.0 3.0 9.0 green
4.0 6.0 8.0 6.0 green
1.0 5.0 1.0 6.0 green
3.0 9.0 2.0 1.0 green
4.0 7.0 5.0 9.0 green
4.0 2.0 1.0 9.0 green
6.0 8.0 1.0 6.0 green
9.0 3.0 7.0 8.0 green
7.0 4.0 7.0 8.0 green
3.0 4.0 6.0 7.0 green
9.0 5.0 5.0 2.0 green
5.0 4.0 4.0 9.0 green
9.0 6.0 7.0 2.0 green
4.0 5.0 5.0 3.0 green
2.0 3.0 4.0 6.0 green
6.0 2.0 6.0 7.0 green
7.0 3.0 9.0 8.0 green
2.0 4.0 7.0 9.0 green
1.0 7.0 1.0 8.0 green
7.0 9.0 5.0 2.0 green
4.0 1.0 6.0 3.0 green
6.0 5.0 4.0 2.0 green
9.0 5.0 7.0 9.0 green
1.0 1.0 2.0 7.0 green
9.0 8.0 4.0 2.0 green
4.0 5.0 7.0 6.0 green
8.0 7.0 2.0 7.0 green
5.0 7.0 6.0 2.0 green
8.0 2.0 2.0 5.0 green
6.0 4.0 1.0 3.0 green
9.0 8.0 9.0 7.0 green
7.0 8.0 9.0 9.0 green
6.0 4.0 9.0 8.0 green
5.0 3.0 7.0 9.0 green
4.0 1.0 5.0 9.0 green
4.0 7.0 7.0 2.0 green
8.0 5.0 2.0 8.0 green
9.0 6.0 2.0 5.0 green
7.0 2.0 3.0 6.0 green
5.0 9.0 8.0 1.0 green
7.0 2.0 1.0 2.0 green
7.0 7.0 7.0 6.0 green
4.0 2.0 2.0 5.0 green
8.0 2.0 8.0 2.0 green
2.0 7.0 8.0 3.0 green
6.0 2.0 1.0 9.0 green
2.0 4.0 2.0 3.0 green
9.0 2.0 4.0 5.0 green
3.0 4.0 2.0 3.0 green
6.0 5.0 5.0 2.0 green
7.0 6.0 4.0 8.0 green
5.0 6.0 7.0 5.0 green
4.0 2.0 5.0 7.0 green
1.0 5.0 4.0 6.0 green
2.0 1.0 9.0 4.0 green
5.0 4.0 6.0 3.0 green
7.0 7.0 3.0 5.0 green
1.0 5.0 5.0 6.0 green
3.0 7.0 5.0 1.0 green
7.0 2.0 5.0 6.0 green
7.0 6.0 9.0 8.0 green
7.0 6.0 4.0 7.0 green
1.0 5.0 2.0 5.0 green
6.0 1.0 6.0 3.0 green
9.0 2.0 1.0 8.0 green
3.0 2.0 5.0 8.0 green
6.0 8.0 5.0 4.0 green
1.0 4.0 8.0 9.0 green
5.0 3.0 6.0 9.0 green
5.0 8.0 6.0 2.0 green
3.0 6.0 5.0 6.0 green
4.0 9.0 9.0 3.0 green
1.0 3.0 1.0 6.0 green
2.0 7.0 3.0 5.0 green
2.0 1.0 2.0 8.0 green
2.0 1.0 7.0 6.0 green
7.0 3.0 9.0 3.0 green
4.0 7.0 8.0 1.0 green
5.0 9.0 5.0 7.0 green
7.0 9.0 5.0 6.0 green
9.0 2.0 3.0 7.0 green
3.0 2.0 7.0 8.0 green
1.0 2.0 7.0 5.0 green
6.0 8.0 9.0 3.0 green
9.0 8.0 8.0 2.0 green
9.0 7.0 8.0 4.0 green
4.0 9.0 2.0 3.0 green
3.0 6.0 7.0 3.0 green
6.0 6.0 9.0 9.0 green
7.0 9.0 4.0 5.0 green
5.0 2.0 3.0 3.0 green
1.0 4.0 5.0 7.0 green
9.0 3.0 7.0 9.0 green
1.0 4.0 6.0 2.0 green
4.0 9.0 3.0 3.0 green
1.0 4.0 6.0 4.0 green
4.0 4.0 9.0 1.0 green
9.0 9.0 5.0 1.0 green
5.0 4.0 6.0 8.0 green
5.0 6.0 3.0 1.0 green
5.0 4.0 4.0 9.0 green
8.0 8.0 3.0 2.0 green
1.0 7.0 6.0 8.0 green
6.0 1.0 5.0 1.0 green
6.0 8.0 8.0 6.0 green
4.0 5.0 8.0 9.0 green
7.0 7.0 5.0 6.0 green
7.0 7.0 7.0 7.0 green
6.0 2.0 8.0 6.0 green
1.0 6.0 6.0 6.0 green
1.0 7.0 9.0 2.0 green
4.0 6.0 4.0 4.0 green
9.0 5.0 3.0 6.0 green
8.0 7.0 7.0 1.0 green
6.0 4.0 3.0 1.0 green
3.0 6.0 5.0 3.0 green
9.0 8.0 3.0 4.0 green
3.0 8.0 1.0 9.0 green
3.0 2.0 6.0 7.0 green
5.0 6.0 6.0 1.0 green
4.0 1.0 7.0 2.0 green
5.0 2.0 9.0 9.0 green
5.0 7.0 1.0 7.0 green
4.0 5.0 3.0 4.0 green
2.0 7.0 3.0 5.0 green
3.0 9.0 2.0 1.0 green
5.0 3.0 4.0 6.0 green
1.0 9.0 6.0 9.0 green
7.0 2.0 7.0 2.0 green
9.0 3.0 7.0 8.0 green
8.0 4.0 8.0 5.0 green
8.0 3.0 6.0 7.0 green
9.0 2.0 5.0 7.0 green
4.0 1.0 8.0 4.0 green
9.0 7.0 6.0 3.0 green
7.0 4.0 8.0 6.0 green
2.0 1.0 9.0 2.0 green
8.0 1.0 5.0 8.0 green
9.0 5.0 7.0 9.0 green
2.0 6.0 3.0 2.0 green
6.0 6.0 7.0 9.0 green
4.0 8.0 6.0 6.0 green
4.0 3.0 3.0 2.0 green
7.0 4.0 1.0 5.0 green
6.0 3.0 4.0 7.0 green
3.0 4.0 9.0 8.0 green
7.0 7.0 7.0 9.0 green
4.0 8.0 3.0 4.0 green
5.0 4.0 7.0 2.0 green
7.0 8.0 2.0 3.0 green
5.0 4.0 8.0 5.0 green
8.0 3.0 2.0 6.0 green
4.0 2.0 3.0 8.0 green
3.0 5.0 9.0 2.0 green
7.0 8.0 3.0 7.0 green
2.0 7.0 2.0 5.0 green
1.0 9.0 7.0 3.0 green
7.0 9.0 7.0 7.0 green
1.0 1.0 2.0 9.0 green
6.0 4.0 9.0 4.0 green
5.0 2.0 5.0 2.0 green
6.0 4.0 1.0 9.0 green
5.0 5.0 4.0 8.0 green
6.0 5.0 2.0 8.0 green
2.0 4.0 4.0 9.0 green
5.0 9.0 8.0 5.0 green
5.0 6.0 7.0 2.0 green
3.0 9.0 6.0 4.0 green
9.0 8.0 3.0 9.0 green
2.0 9.0 9.0 6.0 green
8.0 8.0 7.0 3.0 green
6.0 8.0 1.0 6.0 green
9.0 4.0 7.0 3.0 green
9.0 9.0 8.0 5.0 green
4.0 1.0 7.0 9.0 green
7.0 8.0 6.0 6.0 green
9.0 1.0 8.0 8.0 green
2.0 2.0 6.0 2.0 green
4.0 8.0 2.0 7.0 green
3.0 6.0 9.0 6.0 green
5.0 1.0 3.0 9.0 green
2.0 4.0 4.0 1.0 green
9.0 7.0 6.0 2.0 green
3.0 9.0 9.0 9.0 green
3.0 2.0 3.0 5.0 green
9.0 3.0 4.0 7.0 green
8.0 6.0 8.0 2.0 green
8.0 2.0 3.0 8.0 green
2.0 1.0 5.0 6.0 green
6.0 7.0 4.0 6.0 green
6.0 8.0 8.0 5.0 green
6.0 4.0 9.0 5.0 green
8.0 2.0 4.0 2.0 green
3.0 4.0 6.0 2.0 green
6.0 6.0 1.0 6.0 green
5.0 3.0 2.0 7.0 green
5.0 7.0 1.0 2.0 green
4.0 4.0 4.0 6.0 green
8.0 7.0 9.0 2.0 green
5.0 9.0 1.0 4.0 green
7.0 3.0 3.0 6.0 green
8.0 2.0 6.0 7.0 green
5.0 3.0 9.0 1.0 green
6.0 7.0 1.0 3.0 green
6.0 1.0 1.0 8.0 green
4.0 7.0 1.0 5.0 green
8.0 8.0 3.0 5.0 green
4.0 5.0 7.0 7.0 green
5.0 6.0 9.0 2.0 green
9.0 6.0 9.0 3.0 green
2.0 3.0 7.0 2.0 green
4.0 4.0 9.0 1.0 green
7.0 6.0 5.0 4.0 green
8.0 2.0 1.0 9.0 green
3.0 8.0 7.0 9.0 green
8.0 2.0 4.0 9.0 green
5.0 3.0 5.0 9.0 green
8.0 8.0 4.0 1.0 green
2.0 7.0 7.0 1.0 green
1.0 9.0 2.0 5.0 green
8.0 3.0 7.0 7.0 green
1.0 4.0 8.0 4.0 green
6.0 1.0 9.0 2.0 green
8.0 9.0 5.0 1.0 green
9.0 7.0 6.0 1.0 green
8.0 1.0 3.0 9.0 green
3.0 4.0 2.0 2.0 green
5.0 1.0 8.0 4.0 green
7.0 3.0 2.0 6.0 green
4.0 6.0 9.0 2.0 green
5.0 1.0 4.0 8.0 green
8.0 3.0 2.0 2.0 green
3.0 6.0 2.0 4.0 green
4.0 1.0 6.0 8.0 green
1.0 7.0 4.0 6.0 green
3.0 7.0 9.0 6.0 green
2.0 6.0 4.0 6.0 green
8.0 9.0 6.0 3.0 green
8.0 4.0 6.0 8.0 green
7.0 5.0 2.0 1.0 green
3.0 9.0 8.0 8.0 green
8.0 5.0 9.0 6.0 green
6.0 3.0 5.0 6.0 green
2.0 3.0 9.0 7.0 green
2.0 7.0 6.0 3.0 green
8.0 5.0 4.0 4.0 green
9.0 9.0 5.0 9.0 green
4.0 8.0 1.0 5.0 green
6.0 4.0 4.0 3.0 green
8.0 1.0 7.0 6.0 green
6.0 8.0 1.0 5.0 green
4.0 1.0 1.0 5.0 green
5.0 8.0 6.0 9.0 green
8.0 9.0 3.0 7.0 green
6.0 5.0 8.0 9.0 green
9.0 1.0 2.0 8.0 green
3.0 1.0 9.0 8.0 green
9.0 6.0 9.0 1.0 green
1.0 9.0 6.0 1.0 green
5.0 9.0 1.0 9.0 green
8.0 1.0 4.0 6.0 green
2.0 2.0 6.0 7.0 green
1.0 6.0 7.0 4.0 green
2.0 8.0 6.0 6.0 green
6.0 2.0 3.0 3.0 green
1.0 2.0 6.0 8.0 green
9.0 6.0 9.0 9.0 green
3.0 3.0 3.0 7.0 green
5.0 9.0 1.0 9.0 green
6.0 6.0 6.0 1.0 green
4.0 3.0 7.0 4.0 green
9.0 5.0 8.0 2.0 green
3.0 1.0 4.0 3.0 green
6.0 7.0 9.0 7.0 green
4.0 5.0 6.0 6.0 green
3.0 7.0 5.0 8.0 green
4.0 1.0 9.0 3.0 green
8.0 7.0 9.0 9.0 green
6.0 2.0 9.0 7.0 green
5.0 2.0 9.0 5.0 green
7.0 7.0 6.0 3.0 green
8.0 9.0 1.0 7.0 green
9.0 4.0 5.0 2.0 green
9.0 1.0 7.0 6.0 green
8.0 9.0 1.0 9.0 green
5.0 6.0 3.0 6.0 green
2.0 5.0 7.0 4.0 green
7.0 2.0 2.0 3.0 green
6.0 2.0 8.0 5.0 green
2.0 2.0 9.0 4.0 green
9.0 2.0 3.0 5.0 green
2.0 7.0 9.0 5.0 green
5.0 3.0 9.0 6.0 green
2.0 1.0 9.0 2.0 green
4.0 9.0 2.0 4.0 green
3.0 6.0 1.0 8.0 green
2.0 3.0 6.0 8.0 green
3.0 3.0 5.0 6.0 green
9.0 6.0 9.0 3.0 green
3.0 8.0 5.0 4.0 green
6.0 3.0 9.0 5.0 green
2.0 6.0 1.0 5.0 green
2.0 7.0 1.0 2.0 green
1.0 6.0 2.0 3.0 green
2.0 4.0 4.0 8.0 green
2.0 1.0 2.0 2.0 green
8.0 4.0 6.0 6.0 green
2.0 7.0 8.0 6.0 green
4.0 8.0 7.0 9.0 green
7.0 5.0 7.0 5.0 green
3.0 1.0 7.0 5.0 green
2.0 3.0 5.0 3.0 green
4.0 6.0 1.0 8.0 green
5.0 7.0 2.0 5.0 green
1.0 7.0 7.0 7.0 green
1.0 5.0 4.0 5.0 green
9.0 5.0 7.0 3.0 green
8.0 2.0 6.0 7.0 green
7.0 8.0 5.0 2.0 green
4.0 7.0 1.0 5.0 green
8.0 4.0 2.0 5.0 green
6.0 9.0 2.0 7.0 green
6.0 3.0 9.0 9.0 green
8.0 9.0 5.0 8.0 green
7.0 2.0 6.0 6.0 green
5.0 3.0 4.0 3.0 green
1.0 4.0 1.0 6.0 green
2.0 1.0 1.0 4.0 green
6.0 2.0 9.0 7.0 green
3.0 8.0 9.0 9.0 green
4.0 1.0 6.0 6.0 green
3.0 6.0 8.0 8.0 green
4.0 7.0 4.0 3.0 green
1.0 5.0 9.0 5.0 green
9.0 8.0 5.0 2.0 green
8.0 6.0 6.0 6.0 green
3.0 6.0 3.0 7.0 green
9.0 8.0 5.0 9.0 green
3.0 7.0 3.0 5.0 green
7.0 8.0 1.0 4.0 green
6.0 3.0 2.0 4.0 green
6.0 8.0 3.0 2.0 green
3.0 4.0 7.0 4.0 green
3.0 7.0 1.0 7.0 green
4.0 9.0 4.0 6.0 green
3.0 2.0 8.0 6.0 green
3.0 5.0 9.0 3.0 green
2.0 4.0 7.0 1.0 green
8.0 2.0 6.0 6.0 green
5.0 2.0 1.0 4.0 green
3.0 1.0 5.0 6.0 green
1.0 1.0 6.0 5.0 green
6.0 5.0 2.0 8.0 green
5.0 4.0 1.0 4.0 green
4.0 5.0 2.0 2.0 green
8.0 1.0 1.0 8.0 green
6.0 7.0 5.0 2.0 green
2.0 5.0 3.0 2.0 green
9.0 9.0 4.0 2.0 green
7.0 3.0 6.0 2.0 green
9.0 5.0 7.0 7.0 green
3.0 9.0 6.0 5.0 green
1.0 2.0 3.0 9.0 green
1.0 9.0 6.0 3.0 green
1.0 6.0 9.0 4.0 green
5.0 4.0 4.0 2.0 green
2.0 9.0 9.0 6.0 green
9.0 8.0 7.0 1.0 green
8.0 9.0 2.0 4.0 green
3.0 3.0 5.0 7.0 green
1.0 1.0 2.0 1.0 green
2.0 4.0 1.0 9.0 green
4.0 2.0 2.0 1.0 green
4.0 3.0 7.0 5.0 green
1.0 5.0 5.0 4.0 green
9.0 9.0 6.0 2.0 green
4.0 2.0 1.0 2.0 green
7.0 2.0 9.0 7.0 green
2.0 3.0 3.0 5.0 green
2.0 4.0 9.0 8.0 green
8.0 9.0 3.0 8.0 green
7.0 7.0 7.0 6.0 green
2.0 6.0 3.0 8.0 green
8.0 2.0 7.0 1.0 green
4.0 9.0 6.0 1.0 green
3.0 9.0 3.0 2.0 green
2.0 4.0 9.0 1.0 green
1.0 3.0 3.0 7.0 green
5.0 7.0 5.0 1.0 green
7.0 8.0 4.0 7.0 green
5.0 5.0 9.0 1.0 green
9.0 2.0 9.0 9.0 green
5.0 2.0 1.0 3.0 green
8.0 9.0 5.0 9.0 green
7.0 1.0 6.0 4.0 green
7.0 6.0 6.0 9.0 green
4.0 5.0 3.0 2.0 green
6.0 7.0 4.0 6.0 green
5.0 8.0 5.0 8.0 green
9.0 3.0 3.0 1.0 green
4.0 9.0 6.0 9.0 green
2.0 1.0 9.0 6.0 green
2.0 6.0 4.0 7.0 green
2.0 1.0 9.0 8.0 green
9.0 1.0 7.0 4.0 green
9.0 8.0 4.0 8.0 green
8.0 4.0 7.0 9.0 green
4.0 7.0 9.0 5.0 green
8.0 6.0 9.0 8.0 green
1.0 6.0 7.0 3.0 green
6.0 6.0 9.0 1.0 green
3.0 6.0 5.0 5.0 green
8.0 7.0 9.0 9.0 green
5.0 8.0 1.0 6.0 green
6.0 7.0 1.0 8.0 green
4.0 1.0 2.0 5.0 green
6.0 9.0 8.0 6.0 green
2.0 2.0 8.0 3.0 green
3.0 5.0 8.0 3.0 green
8.0 3.0 5.0 2.0 green
9.0 2.0 1.0 7.0 green
7.0 1.0 9.0 1.0 green
5.0 3.0 2.0 4.0 green
6.0 9.0 8.0 6.0 green
5.0 5.0 4.0 4.0 green
8.0 8.0 4.0 6.0 green
9.0 6.0 6.0 1.0 green
1.0 8.0 7.0 3.0 green
2.0 9.0 8.0 3.0 green
9.0 4.0 7.0 6.0 green
9.0 8.0 2.0 8.0 green
1.0 4.0 7.0 4.0 green
6.0 3.0 7.0 4.0 green
9.0 1.0 3.0 1.0 green
8.0 5.0 8.0 1.0 green
5.0 8.0 9.0 6.0 green
6.0 9.0 2.0 6.0 green
1.0 6.0 6.0 2.0 green
7.0 8.0 4.0 9.0 green
7.0 5.0 6.0 5.0 green
9.0 3.0 5.0 7.0 green
1.0 3.0 4.0 1.0 green
6.0 8.0 4.0 5.0 green
5.0 6.0 1.0 2.0 green
8.0 5.0 3.0 1.0 green
3.0 1.0 3.0 1.0 green
6.0 6.0 7.0 1.0 green
7.0 4.0 4.0 4.0 green
8.0 4.0 2.0 2.0 green
4.0 3.0 5.0 3.0 green
5.0 1.0 9.0 3.0 green
3.0 2.0 6.0 2.0 green
7.0 3.0 2.0 2.0 green
3.0 5.0 2.0 8.0 green
9.0 4.0 2.0 5.0 green
6.0 3.0 4.0 3.0 green
4.0 1.0 6.0 2.0 green
5.0 8.0 8.0 6.0 green
1.0 1.0 6.0 3.0 green
2.0 9.0 8.0 4.0 green
1.0 6.0 4.0 4.0 green
2.0 2.0 2.0 3.0 green
2.0 3.0 2.0 9.0 green
1.0 1.0 6.0 3.0 green
6.0 7.0 8.0 2.0 green
5.0 4.0 6.0 9.0 green
5.0 5.0 2.0 2.0 green
9.0 9.0 7.0 1.0 green
6.0 7.0 5.0 1.0 green
9.0 1.0 1.0 3.0 green
9.0 4.0 9.0 2.0 green
6.0 8.0 5.0 9.0 green
5.0 4.0 6.0 4.0 green
1.0 6.0 8.0 6.0 green
9.0 5.0 9.0 6.0 green
1.0 9.0 3.0 3.0 green
5.0 2.0 3.0 3.0 green
5.0 5.0 3.0 6.0 green
6.0 6.0 3.0 2.0 green
5.0 5.0 3.0 6.0 green
9.0 2.0 7.0 6.0 green
3.0 3.0 9.0 1.0 green
9.0 9.0 2.0 5.0 green
1.0 4.0 2.0 9.0 green
1.0 7.0 6.0 5.0 green
5.0 3.0 5.0 9.0 green
1.0 1.0 8.0 4.0 green
3.0 7.0 1.0 5.0 green
2.0 4.0 7.0 8.0 green
2.0 7.0 9.0 2.0 green
3.0 3.0 4.0 6.0 green
4.0 8.0 5.0 2.0 green
5.0 4.0 2.0 8.0 green
8.0 8.0 1.0 7.0 green
7.0 8.0 5.0 3.0 green
5.0 5.0 7.0 2.0 green
8.0 6.0 3.0 7.0 green
7.0 3.0 8.0 3.0 green
7.0 5.0 3.0 3.0 green
8.0 8.0 5.0 3.0 green
5.0 6.0 9.0 9.0 green
5.0 3.0 7.0 4.0 green
3.0 9.0 2.0 3.0 green
3.0 7.0 7.0 7.0 green
5.0 2.0 8.0 7.0 green
5.0 8.0 4.0 2.0 green
5.0 8.0 1.0 4.0 green
6.0 8.0 8.0 8.0 green
3.0 3.0 7.0 8.0 green
5.0 8.0 7.0 5.0 green
9.0 8.0 4.0 8.0 green
2.0 5.0 1.0 9.0 green
7.0 5.0 7.0 7.0 green
1.0 7.0 7.0 7.0 green
3.0 8.0 4.0 7.0 green
3.0 4.0 8.0 5.0 green
1.0 4.0 1.0 9.0 green
1.0 8.0 2.0 7.0 green
5.0 3.0 7.0 6.0 green
4.0 6.0 9.0 1.0 green
7.0 2.0 6.0 1.0 green
1.0 2.0 7.0 5.0 green
5.0 1.0 6.0 7.0 green
